3.49E-05
3.49E-05
0.000107508
0.000107508
0.000149305
0.000149305
0.000166428
0.000166428
0.000239914
0.000239914
0.000348119
0.000348119
0.000377271
0.000377271
0.00043265
0.00043265
0.000456692
0.000456692
0.000559322
0.000559322
0.000786785
0.000786785
0.0007941
0.0007941
0.000881982
0.000881982
0.000889108
0.000889108
0.000930295
0.000930295
0.000953752
0.000953752
0.001014132
0.001014132
0.00111085
0.00111085
0.001206915
0.001206915
0.001231338
0.001231338
0.001308549
0.001308549
0.00132635
0.00132635
0.001384462
0.001384462
0.001547952
0.001547952
0.001570956
0.001570956
0.001573779
0.001573779
0.001613959
0.001613959
0.001617498
0.001617498
0.001630809
0.001630809
0.001633645
0.001633645
0.001844501
0.001844501
0.002135828
0.002135828
0.002169418
0.002169418
0.002172489
0.002172489
0.002283371
0.002283371
0.002445161
0.002445161
0.002454107
0.002454107
0.002479055
0.002479055
0.002549432
0.002549432
0.002683616
0.002683616
0.002701878
0.002701878
0.002759757
0.002759757
0.00278412
0.00278412
0.003048298
0.003048298
0.003294435
0.003294435
0.00387424
0.00387424
0.004349598
0.004349598
0.005332088
0.005332088
0.035241206
0.035241206
0.036868919
0.036868919
