0.001065452
0.001115712
0.001453363
0.001729672
0.001818851
0.001892074
0.002070531
0.002111058
0.002114274
0.002158283
0.002160364
0.002208051
0.002260046
0.002292264
0.002435
0.002488108
0.00252247
0.002566089
0.00257059
0.002581112
0.002627221
0.002644064
0.002711935
0.002719595
0.002727353
0.002789041
0.002811352
0.002849114
0.002881637
0.002890945
0.00296439
0.003014512
0.003028368
0.003037157
0.003185212
0.003201803
0.003252924
0.0032762
0.003283512
0.003357628
0.00339326
0.003433189
0.003476258
0.0034805
0.003491108
0.003510032
0.003518738
0.003588403
0.003658695
0.003667352
0.003786873
0.00381497
0.003823721
0.00390627
0.004056896
0.004067488
0.004095026
0.004127157
0.004128947
0.004153082
0.004192038
0.004198973
0.004491547
0.004529833
0.004610621
0.004718551
0.004725749
0.004753687
0.004844352
0.004857013
0.004983299
0.005062016
0.005100147
0.005110929
0.005122187
0.005158524
0.005333624
0.005363565
0.005381986
0.005423072
0.00558402
0.005662358
0.005675631
0.005888352
0.006034117
0.006118992
0.006200504
0.006280561
0.006283483
0.006300585
0.0063694
0.006473563
0.006487271
0.00649742
0.0067249
0.006870566
0.006897209
0.007074489
0.007107665
0.007183607
0.007251557
0.007254756
0.007258422
0.00755212
0.007703982
0.007844147
0.008073588
0.008169497
0.00827908
0.008340111
0.008366093
0.008437703
0.008480264
0.008543236
0.00855172
0.008604694
0.008672839
0.008764194
0.008810285
0.008844432
0.009336967
0.009385953
0.00941794
0.009576838
0.009734812
0.009737012
0.0100561
0.010093759
0.010340531
0.010571963
0.010761654
0.011017444
0.011046935
0.011230085
0.011282714
0.012466506
0.012757832
0.013787497
0.014100668
0.016875521
