0.000638383
0.000799692
0.001
0.001
0.001
0.001
0.001
0.001
0.001
0.001
0.001
0.001013364
0.001188761
0.001192732
0.001200837
0.001222695
0.001299112
0.001618027
0.00183619
0.001866377
0.00187574
0.002059343
0.002171824
0.002313129
0.002395924
0.0024606
0.002624633
0.002750409
0.002927686
0.002967575
0.003093465
0.003101095
0.003109283
0.003232797
0.003268602
0.003305553
0.003311687
0.003406374
0.003407529
0.003479579
0.00348125
0.003576156
0.003584115
0.003607945
0.003644606
0.003816349
0.003884658
0.003923678
0.003979264
0.004081861
0.004128236
0.004266069
0.004376114
0.004671488
0.00469736
0.00472851
0.004810299
0.004826818
0.004829782
0.004921627
0.004925668
0.004938778
0.004961234
0.005152327
0.00523502
0.005242631
0.005271044
0.005309451
0.005334953
0.005450149
0.005453269
0.005471529
0.005490945
0.005666838
0.005833673
0.005951475
0.005988111
0.006009409
0.006144662
0.006227738
0.006294522
0.006296888
0.00638225
0.006528116
0.006538756
0.006623673
0.006624613
0.006750446
0.006788398
0.006791334
0.00687219
0.006898724
0.007136622
0.007141032
0.007166832
0.007169848
0.007201667
0.007400813
0.007403004
0.007517699
0.007555632
0.007558416
0.007579559
0.007596553
0.007690069
0.007712834
0.007911785
0.00842507
0.008614518
0.008732832
0.008816653
0.008857695
0.008893387
0.009047913
0.009322282
0.009343974
0.009511552
0.00961293
0.00980563
0.032388269
0.038039453
0.039572718
0.042532341
0.046776062
0.048124838
0.048979588
0.049849774
0.065030762
0.072952039
