0.00075975
0.000887802
0.000965552
0.000986243
0.001166245
0.001720515
0.001835935
0.001865723
0.001876785
0.002088146
0.002279167
0.002318585
0.002397313
0.002441604
0.002442787
0.002476839
0.002497773
0.002506564
0.002543514
0.002589124
0.002597311
0.002622602
0.002805204
0.003039479
0.003052299
0.003158352
0.003243911
0.003260877
0.003318652
0.003358408
0.003412772
0.003454717
0.003476717
0.003483717
0.003554732
0.003568515
0.003582824
0.003612326
0.00364191
0.003793736
0.003793776
0.003829575
0.003873787
0.003917894
0.003944589
0.003961261
0.003967451
0.004005182
0.004058738
0.004084184
0.0040882
0.004141772
0.004177775
0.004249939
0.004252888
0.004283243
0.004290463
0.004343846
0.00434803
0.004370301
0.004433017
0.004541033
0.00467053
0.004706083
0.004764274
0.004800767
0.004918619
0.004922705
0.004925942
0.00494587
0.004946934
0.004971024
0.004978622
0.00510723
0.005135692
0.00513932
0.005191992
0.005319409
0.005495671
0.005538558
0.005580724
0.005622265
0.005661139
0.005731631
0.005791212
0.005817121
0.005817303
0.005847436
0.005863047
0.005864649
0.006051228
0.006084646
0.006144331
0.006260662
0.00628508
0.006465251
0.006549985
0.006583545
0.006725003
0.006749291
0.00676018
0.006788508
0.006885563
0.006903922
0.007168565
0.007238393
0.007268729
0.007313302
0.007487928
0.007631955
0.007728885
0.007744676
0.007970623
0.008238491
0.008373558
0.008429464
0.008565807
0.008964658
0.009573731
0.009577332
0.009598931
0.009694399
0.009885974
0.010043459
0.010052804
0.010169089
0.0103866
0.010406675
0.010679864
0.011019612
0.01109765
0.011160716
0.011207864
0.011892694
0.012520695
0.012559409
0.012572703
0.013048886
0.013295055
0.013415291
0.013483594
0.013878567
0.014236753
0.014277152
0.01452224
0.014999613
0.015364925
0.015397377
0.015470408
0.016274479
0.016360235
0.016972985
0.017510971
0.017588705
0.017632775
0.017690347
0.017697524
0.017726643
0.017803252
0.018772826
0.018964354
0.019459584
0.019774335
0.020711497
0.021802946
0.022311963
0.022456578
0.022699364
0.02274331
0.022993231
0.023229908
0.024289916
0.024486532
0.025034618
0.025436195
0.025632011
0.026506058
0.027327372
0.027386128
0.027586228
0.028124722
0.029223278
0.029291637
0.029966648
0.030514653
0.030724583
0.031006591
0.031312015
0.031648718
0.031859065
0.032046841
0.032202484
0.033833119
0.034583233
0.035777088
0.037309516
0.038807216
0.040644803
0.04501111
0.07029936
