0
0
0
0
0
0
0
0
0
0
0
0
0
0
0
0
0
0
0
0
0
0
0
0
0
0
0
0
0
0
0
0
0
0
0
0
0
0
0
0
0
0
0
0
0
0
0
0
0
0
0
0
0
0
0
0
0
0
0
0
0
0
0
0
0
0
0
0
0
0
0
0
0
0
0
0
0
0
0
0
0
0
0
0
0
0
8.36E-05
8.36E-05
9.94E-05
9.94E-05
0.000101893
0.000101893
0.000110437
0.000110437
0.000144448
0.000144448
0.000155631
0.000155631
0.00017654
0.00017654
0.000194107
0.000194107
0.000227925
0.000227925
0.000231182
0.000231182
0.000250654
0.000250654
0.000251718
0.000251718
0.000294928
0.000294928
0.000386673
0.000386673
0.000386673
0.000386673
0.00038992
0.00038992
0.00044957
0.00044957
0.00044957
0.00044957
0.000461175
0.000461175
0.000481491
0.000481491
0.000508958
0.000508958
0.000543415
0.000543415
0.000547112
0.000547112
0.000585765
0.000585765
0.000692116
0.000692116
0.000808073
0.000808176
0.000808176
0.000845993
0.000845993
0.000845993
0.000845993
0.000849119
0.000849119
0.000930925
0.000930925
0.000930925
0.000930925
0.000934218
0.000934218
0.000934218
0.000934218
0.000954632
0.000954632
0.000963147
0.000963147
0.001
0.001
0.001059417
0.001059417
0.001072181
0.001072181
0.001072181
0.001072181
0.001098457
0.001098457
0.001106426
0.001106426
0.001139639
0.001139639
0.001168199
0.001168199
0.001173189
0.001194892
0.00124827
0.00124827
0.001248438
0.001248438
0.00126674
0.00126674
0.001282352
0.001295007
0.001295007
0.001329831
0.001329831
0.001336357
0.001376256
0.001376256
0.00139013
0.00139013
0.001414214
0.001414214
0.001426595
0.001426595
0.001465029
0.001481612
0.001481612
0.001482731
0.001482731
0.001486321
0.001550339
0.001550339
0.001550339
0.001550339
0.001604476
0.00161753
0.00161753
0.001664876
0.001664876
0.001686398
0.001686398
0.001725442
0.001729581
0.001729581
0.001769165
0.001769165
0.001825802
0.001832031
0.001832031
0.001879874
0.001879874
0.001882774
0.001882774
0.001926467
0.001926467
0.00193734
0.00193734
0.001940607
0.001948803
0.001953989
0.001953989
0.001972403
0.001976064
0.001976064
0.001980163
0.001980163
0.002
0.002
0.002101655
0.002101655
0.002101655
0.002101655
0.00214307
0.00214307
0.002170614
0.002170614
0.002175024
0.002236068
0.002236068
0.002343824
0.00237645
0.00237645
0.00237645
0.00237645
0.002423517
0.002423517
0.002423517
0.002423517
0.00244949
0.002462592
0.002475026
0.002475026
0.002491948
0.002491948
0.002532237
0.002532237
0.002645751
0.002647861
0.002647861
0.002687315
0.002687315
0.002756922
0.002756922
0.0027592
0.0027592
0.002778107
0.002778107
0.002803181
0.002803181
0.002844635
0.002844635
0.002915181
0.002915181
0.003003444
0.003003444
0.003097497
0.003116091
0.003226787
0.003248251
0.003248251
0.003342478
0.003369274
0.003439379
0.003439379
0.003439379
0.003439379
0.003448947
0.003448947
0.003536913
0.003583476
0.003593716
0.003593716
0.003743916
0.003743916
0.003763209
0.003763209
0.003775883
0.003798196
0.003798196
0.004005276
0.004037295
0.004037295
0.004092483
0.004116184
0.004116184
0.004123819
0.00420459
0.00420459
0.00420459
0.00420459
0.004278784
0.004278784
0.004281396
0.004281396
0.004358911
0.004358911
0.004478555
0.004478555
0.004500944
0.004500944
0.004500944
0.004500944
0.004511709
0.004511709
0.004576863
0.004576863
0.004580808
0.004580808
0.004626238
0.004626238
0.004757461
0.004757461
0.004906883
0.004906883
0.005041938
0.005041938
0.005041938
0.005041938
0.005051643
0.005051643
0.005097857
0.005097857
0.005097857
0.005097857
0.005118349
0.005118349
0.00536577
0.00536577
0.005366846
0.005366846
0.005523123
0.005523123
0.005597722
0.005597722
0.00565805
0.00565805
0.005725479
0.005725479
0.005829202
0.005829202
0.005829202
0.005829202
0.005856199
0.005856199
0.005856199
0.005856199
0.005933328
0.005933328
0.006000881
0.006105785
0.006105785
0.006105785
0.006105785
0.006228981
0.006498743
0.006498743
0.006498743
0.006498743
0.006867242
0.006867242
0.007028504
0.007028504
0.007033546
0.007033546
0.007033546
0.007033546
0.007041447
0.007041447
0.007122457
0.007122457
0.00729735
0.007475393
0.007475393
0.007528946
0.007528946
0.007592068
0.007592068
0.008237176
0.008237176
0.008495343
0.008495343
0.009364493
0.009364493
0.009701402
0.009701402
0.00981314
0.00981314
0.010202175
0.010202175
0.010333413
0.010333413
0.010613049
0.010613049
0.011764734
0.011764734
0.011974986
0.011974986
0.012191319
0.012191319
0.012564839
0.012564839
0.012997602
0.012997602
0.01306862
0.01306862
0.01320692
0.01320692
0.017494727
0.017494727
0.017784138
0.017784138
0.019037081
0.019037081
0.024314593
0.024314593
0.02522577
0.02522577
0.025229719
0.025229719
0.025495466
0.025495466
0.027037012
0.027073973
0.028407745
0.028425341
0.034188664
0.034188664
0.035190284
0.035190284
0.04014972
0.04014972
0.041376322
0.041388404
0.042602817
0.042602817
0.045133136
0.045133136
0.051555795
0.051555795
0.061408468
0.061408468
0.062968246
0.062976186
0.078492038
0.078492038
0.161899634
0.161899634
0.162321075
0.162321075
